0.0
0.0
0.0
0.0
0.0
0.0
0.0
0.0
0.0
0.0
0.00099945068359375
0.0
0.0
0.0
0.0
0.0
0.00099945068359375
0.0
0.0
0.0
0.0
0.0
0.0
0.00099945068359375
0.0
0.0
0.0010004043579101562
0.0
0.0
0.0010001659393310547
0.0
0.0
0.0
0.0
0.0
0.0010030269622802734
0.0
0.0010001659393310547
0.0
0.00099945068359375
0.0
0.0
0.0010001659393310547
0.0
0.0
0.0010001659393310547
0.0010018348693847656
0.0010073184967041016
0.0
0.0
0.0009999275207519531
0.0010027885437011719
0.0009982585906982422
0.0009996891021728516
0.0009996891021728516
0.0009999275207519531
0.0009982585906982422
0.001001596450805664
0.0010013580322265625
0.0010001659393310547
0.0009982585906982422
0.0009996891021728516
0.0015118122100830078
0.0010135173797607422
0.0
0.0009999275207519531
0.0010030269622802734
0.000997304916381836
0.0019979476928710938
0.001001119613647461
0.002009153366088867
0.0010089874267578125
0.0009953975677490234
0.0020041465759277344
0.0009958744049072266
0.0009999275207519531
0.0019986629486083984
0.0010020732879638672
0.0019986629486083984
0.001001119613647461
0.002000570297241211
0.0020003318786621094
0.0019986629486083984
0.001001119613647461
0.0010001659393310547
0.002000093460083008
0.0009989738464355469
0.0020034313201904297
0.001996755599975586
0.0019998550415039062
0.0021944046020507812
0.0016067028045654297
0.001589059829711914
0.001001596450805664
0.0020012855529785156
0.0019996166229248047
0.0020008087158203125
0.0019960403442382812
0.001999378204345703
0.001995563507080078
0.002000093460083008
0.002001523971557617
0.0019989013671875
0.003999948501586914
0.002001047134399414
0.001996755599975586
0.0029997825622558594
0.003032684326171875
0.003996610641479492
0.004003763198852539
0.004006147384643555
0.004995822906494141
0.0020008087158203125
0.0020003318786621094
0.004001140594482422
0.0040018558502197266
0.001996278762817383
0.0029990673065185547
0.004005908966064453
0.003997325897216797
0.0019958019256591797
0.0020003318786621094
0.004004001617431641
0.0029985904693603516
0.002999544143676758
0.001999378204345703
0.004004955291748047
0.0039997100830078125
0.0059964656829833984
0.005011320114135742
0.0060002803802490234
0.0029993057250976562
0.0025272369384765625
0.004599094390869141
0.004000425338745117
0.0029997825622558594
0.0030019283294677734
0.0030088424682617188
0.003000497817993164
0.002994060516357422
0.004000186920166016
0.002997875213623047
0.003000020980834961
0.0029985904693603516
0.0050008296966552734
0.0030007362365722656
0.002997159957885742
0.004003286361694336
0.003995180130004883
0.00400090217590332
0.004001140594482422
0.003999233245849609
0.004001140594482422
0.003999948501586914
0.004004240036010742
0.003999233245849609
0.0040035247802734375
0.00399470329284668
0.006997823715209961
0.007005214691162109
0.0049970149993896484
0.004000425338745117
0.004002809524536133
0.00400233268737793
0.003997325897216797
0.0039997100830078125
0.0050029754638671875
0.003997087478637695
0.004999637603759766
0.004999637603759766
0.0040051937103271484
0.004995107650756836
0.005000591278076172
0.00500035285949707
0.004509925842285156
0.00500178337097168
0.004998922348022461
0.003998994827270508
0.005999088287353516
0.0060007572174072266
0.0060002803802490234
0.004999399185180664
0.003997802734375
0.0049974918365478516
0.005000591278076172
0.0050013065338134766
0.005000114440917969
0.00500035285949707
0.004999876022338867
0.005000114440917969
0.005000114440917969
0.005506277084350586
0.006000041961669922
0.0060002803802490234
0.006000041961669922
0.006002187728881836
0.00599980354309082
0.0060002803802490234
0.007001638412475586
0.006999492645263672
0.006000041961669922
0.00600123405456543
0.0060007572174072266
0.006000518798828125
0.007002353668212891
0.0065174102783203125
0.006998300552368164
0.009006261825561523
0.011999845504760742
0.012999773025512695
0.011999368667602539
0.01300191879272461
0.009000062942504883
0.008997917175292969
0.006511211395263672
0.01000523567199707
0.01199793815612793
0.008002042770385742
0.007999181747436523
0.011002302169799805
0.008997678756713867
0.008000373840332031
0.012008905410766602
0.01351618766784668
0.008000612258911133
0.00700068473815918
0.01299905776977539
0.014001131057739258
0.007992744445800781
0.007002592086791992
0.008000373840332031
0.007001161575317383
0.007997512817382812
0.007516384124755859
0.007001399993896484
0.008000373840332031
0.008000612258911133
0.008000612258911133
0.008000373840332031
0.008001327514648438
0.008000612258911133
0.008999347686767578
0.009001731872558594
0.009000778198242188
0.008512020111083984
0.008001327514648438
0.008998394012451172
0.00899958610534668
0.007999897003173828
0.009009838104248047
0.008997201919555664
0.009003877639770508
0.009996891021728516
0.011005878448486328
0.017525434494018555
0.013995647430419922
0.013004064559936523
0.010008573532104492
0.013000249862670898
0.009994983673095703
0.010000228881835938
0.0105133056640625
0.00899648666381836
0.010000467300415039
0.01000356674194336
0.01000356674194336
0.009997844696044922
0.01000070571899414
0.009998798370361328
0.01100921630859375
0.009519338607788086
0.010997772216796875
0.01000070571899414
0.01000070571899414
0.010999202728271484
0.010004758834838867
0.009998321533203125
0.010995626449584961
0.011004447937011719
0.010513067245483398
0.012002229690551758
0.010997295379638672
0.012005329132080078
0.01136016845703125
0.011998176574707031
0.012000083923339844
0.01100015640258789
0.011512994766235352
0.012001752853393555
0.01199960708618164
0.013000011444091797
0.01200103759765625
0.012003183364868164
0.019001245498657227
0.013511180877685547
0.012000799179077148
0.013000965118408203
0.013003110885620117
0.013000011444091797
0.012996912002563477
0.01300048828125
0.012510061264038086
0.012999296188354492
0.012998819351196289
0.011999845504760742
0.014000415802001953
0.014999628067016602
0.013999700546264648
0.015507936477661133
0.01300358772277832
0.013997554779052734
0.01300191879272461
0.014001846313476562
0.014522790908813477
0.015506505966186523
0.014003515243530273
0.013999462127685547
0.014999628067016602
0.014000415802001953
0.015002727508544922
0.015796422958374023
0.015002012252807617
0.015002012252807617
0.014997005462646484
0.015003681182861328
0.01599884033203125
0.016641616821289062
0.021999835968017578
0.015999555587768555
0.016003131866455078
0.01700282096862793
0.016005516052246094
0.01651167869567871
0.015999794006347656
0.016001224517822266
0.015996456146240234
0.01700139045715332
0.016003131866455078
0.015997648239135742
0.01700282096862793
0.016999483108520508
0.01699995994567871
0.01700305938720703
0.01651287078857422
0.01699995994567871
0.01800370216369629
0.017000198364257812
0.01800084114074707
0.01750922203063965
0.017002344131469727
0.018999576568603516
0.018002748489379883
0.021001577377319336
0.023512601852416992
0.024001121520996094
0.021999597549438477
0.019002676010131836
0.018002986907958984
0.018513202667236328
0.01800227165222168
0.018997669219970703
0.019001007080078125
0.02000570297241211
0.01883387565612793
0.01900172233581543
0.01799750328063965
0.018999576568603516
0.01800084114074707
0.019934892654418945
0.019002676010131836
0.020000696182250977
0.020000934600830078
0.021516799926757812
0.020998716354370117
0.020000934600830078
0.02000117301940918
0.024000167846679688
0.024514198303222656
0.02299976348876953
0.02300262451171875
0.019999027252197266
0.021509408950805664
0.02200174331665039
0.021001100540161133
0.020999431610107422
0.02150750160217285
0.023999691009521484
0.023006916046142578
0.026002168655395508
0.024505615234375
0.02200031280517578
0.021994829177856445
0.022005081176757812
0.022519350051879883
0.023001670837402344
0.022002220153808594
0.022002458572387695
0.023513317108154297
0.02400374412536621
0.029998302459716797
0.023003339767456055
0.023511171340942383
0.024004220962524414
0.022001028060913086
0.02300119400024414
0.02251410484313965
0.024000167846679688
0.023003578186035156
0.023998498916625977
0.024513721466064453
0.02499985694885254
0.025005340576171875
0.02500295639038086
0.023513317108154297
0.02500128746032715
0.026001453399658203
0.032514095306396484
0.027002334594726562
0.026001453399658203
0.026833057403564453
0.024509191513061523
0.026000022888183594
0.0260012149810791
0.02577948570251465
0.02651691436767578
0.02700066566467285
0.02700066566467285
0.02650594711303711
0.025000572204589844
0.02600407600402832
0.02599644660949707
0.026511192321777344
0.031000614166259766
0.03200173377990723
0.02751302719116211
0.02800130844116211
0.02700209617614746
0.027506351470947266
0.027001142501831055
0.026000499725341797
0.027004241943359375
0.02651190757751465
0.02800154685974121
0.029001474380493164
0.02750849723815918
0.028003215789794922
0.030000686645507812
0.02800464630126953
0.035520315170288086
0.036002397537231445
0.029517173767089844
0.0350034236907959
0.03400230407714844
0.029519319534301758
0.0299990177154541
0.030003786087036133
0.029506444931030273
0.029004812240600586
0.030002117156982422
0.03000020980834961
0.03151893615722656
0.03200244903564453
0.032003164291381836
0.03151297569274902
0.03900265693664551
0.046514272689819336
0.03400063514709473
0.037003278732299805
0.03000473976135254
0.030997753143310547
0.032000064849853516
0.03251171112060547
0.03300762176513672
0.030998706817626953
0.031003236770629883
0.03400564193725586
0.03252387046813965
0.03300356864929199
0.03400230407714844
0.06051516532897949
0.056005239486694336
0.03550910949707031
0.0330052375793457
0.033516883850097656
0.03300166130065918
0.033004045486450195
0.03450584411621094
0.03400993347167969
0.03500056266784668
0.035507917404174805
0.03600811958312988
0.04051089286804199
0.04100441932678223
0.04500389099121094
0.03551125526428223
0.03600335121154785
0.03450727462768555
0.037003278732299805
0.0370020866394043
0.03809785842895508
0.03500199317932129
0.03800511360168457
0.03754115104675293
0.03600263595581055
0.06930398941040039
0.06951498985290527
0.057003021240234375
0.04651451110839844
0.04200387001037598
0.03751206398010254
0.03699994087219238
0.03701066970825195
0.03651857376098633
0.04200339317321777
0.047521114349365234
0.05600452423095703
0.03952193260192871
0.03800249099731445
0.03851652145385742
0.0370023250579834
0.036002397537231445
0.038520097732543945
0.050002336502075195
0.04651808738708496
0.04200553894042969
0.042513132095336914
0.044002532958984375
0.03800797462463379
0.03900337219238281
0.038002729415893555
0.038402557373046875
0.04200482368469238
0.04251742362976074
0.04200315475463867
0.06751537322998047
0.10651755332946777
0.048004150390625
0.04151105880737305
0.04300403594970703
0.04151129722595215
0.04199528694152832
0.04252171516418457
0.043998003005981445
0.0410006046295166
0.04351472854614258
0.0635228157043457
0.07600569725036621
0.051514625549316406
0.044004201889038086
0.04451775550842285
0.04400491714477539
0.04352378845214844
0.04100298881530762
0.04052138328552246
0.04399919509887695
0.044513702392578125
0.06675577163696289
0.061225175857543945
0.05800652503967285
0.044510841369628906
0.045003414154052734
0.05451822280883789
0.057512760162353516
0.05300426483154297
0.052266597747802734
0.04300189018249512
0.04314708709716797
0.04900312423706055
0.0675191879272461
0.05300569534301758
0.04351162910461426
0.04600334167480469
0.05151987075805664
0.045003414154052734
0.05552983283996582
0.06352567672729492
0.06600332260131836
0.05051159858703613
0.04800152778625488
0.049515485763549805
0.05100369453430176
0.05391216278076172
0.05300307273864746
0.05951237678527832
0.0617222785949707
0.059005022048950195
0.04851484298706055
0.04800081253051758
0.04751443862915039
0.04800677299499512
0.0475156307220459
0.0500035285949707
0.06151628494262695
0.051511287689208984
0.061007022857666016
0.06614398956298828
0.06152057647705078
0.050000667572021484
0.05150961875915527
0.0520017147064209
0.06552648544311523
0.056001901626586914
0.05251121520996094
0.05951380729675293
0.05263710021972656
0.05452442169189453
0.05792832374572754
0.05250883102416992
0.06351947784423828
0.0610044002532959
0.053517818450927734
0.055002689361572266
0.054517507553100586
0.05400681495666504
0.05450940132141113
0.055522918701171875
0.05500054359436035
0.06552672386169434
0.0590059757232666
0.05451631546020508
0.05651068687438965
0.055006980895996094
0.05552029609680176
0.06000542640686035
0.054512739181518555
0.07851743698120117
0.05900716781616211
0.058510541915893555
0.05751657485961914
0.057005882263183594
0.059514760971069336
0.05800366401672363
0.057517051696777344
0.06951689720153809
0.06651568412780762
0.05900144577026367
0.05952024459838867
0.06100893020629883
0.06051373481750488
0.060513973236083984
0.06800508499145508
0.08151650428771973
0.06651663780212402
0.06150960922241211
0.06300520896911621
0.06252336502075195
0.06500530242919922
0.12151813507080078
0.11152005195617676
0.06151700019836426
0.06400346755981445
0.06051278114318848
0.06000375747680664
0.06100296974182129
0.07651853561401367
0.07739901542663574
0.06397104263305664
0.06252384185791016
0.0625157356262207
0.0630037784576416
0.06951165199279785
0.09851694107055664
0.07651782035827637
0.0675191879272461
0.0760047435760498
0.06452250480651855
0.06716275215148926
0.07237100601196289
0.0740058422088623
0.06951618194580078
0.06852006912231445
0.06700682640075684
0.06751632690429688
0.06651115417480469
0.07451438903808594
0.07700824737548828
0.07151341438293457
0.06851530075073242
0.07151198387145996
0.06800484657287598
0.06751513481140137
0.06951570510864258
0.07300877571105957
0.06751489639282227
0.06985354423522949
0.07151627540588379
0.06895327568054199
0.06951165199279785
0.07851839065551758
0.07651352882385254
0.08952879905700684
0.09000706672668457
0.07101058959960938
0.07553982734680176
0.09051942825317383
0.07752728462219238
0.08652758598327637
0.0825202465057373
0.07499814033508301
0.07651734352111816
0.10352373123168945
0.07989287376403809
0.08817148208618164
0.08551502227783203
0.08052349090576172
0.09051942825317383
0.09653854370117188
0.07901239395141602
0.08051538467407227
0.0805203914642334
0.09252452850341797
0.09252500534057617
0.09952211380004883
0.09153509140014648
0.09653115272521973
0.08251476287841797
0.10388565063476562
0.09360980987548828
0.0714864730834961
0.08200931549072266
0.07651710510253906
0.08152198791503906
0.09352397918701172
0.07952332496643066
0.07752251625061035
0.07800698280334473
0.08152389526367188
0.09151411056518555
0.08653020858764648
0.08051681518554688
0.07351994514465332
0.07451462745666504
0.07900571823120117
0.07951688766479492
0.08651876449584961
0.08050870895385742
0.08051800727844238
0.08251070976257324
0.08400940895080566
0.08552217483520508
0.08952212333679199
0.08051657676696777
0.08251142501831055
0.08151125907897949
0.08551692962646484
0.10852432250976562
0.12853455543518066
0.08050036430358887
0.08351564407348633
0.08021664619445801
0.0934290885925293
0.09850287437438965
0.08551430702209473
0.08501076698303223
0.09551644325256348
0.08552074432373047
0.09052371978759766
0.08752608299255371
0.08551478385925293
0.08852553367614746
0.08151769638061523
0.09052181243896484
0.09252452850341797
0.08752274513244629
0.0830087661743164
0.10152387619018555
0.09500837326049805
0.09952640533447266
0.08600950241088867
0.08451962471008301
0.09051990509033203
0.09251809120178223
0.1125173568725586
0.08850479125976562
0.09140181541442871
0.08951807022094727
0.10352182388305664
0.13303017616271973
0.09101414680480957
0.08901143074035645
0.0885167121887207
0.0955193042755127
0.0935215950012207
0.10140013694763184
0.09252309799194336
0.09351539611816406
0.09552168846130371
0.10051679611206055
0.09351849555969238
0.09252142906188965
0.09351873397827148
0.09651613235473633
0.10451650619506836
0.09115910530090332
0.0951089859008789
0.09710836410522461
0.09711003303527832
0.1165323257446289
0.09151530265808105
0.09327507019042969
0.09623312950134277
0.12052273750305176
0.1163167953491211
0.09829568862915039
0.09652185440063477
0.10751533508300781
0.1055145263671875
0.10651731491088867
0.10051727294921875
0.1025242805480957
0.10951662063598633
0.10652709007263184
0.10551834106445312
0.09951281547546387
0.1015164852142334
0.13102960586547852
0.10252809524536133
0.10152101516723633
0.1045222282409668
0.12952184677124023
0.10251784324645996
0.10251641273498535
0.09951448440551758
0.22754716873168945
0.11051821708679199
0.1015167236328125
0.10151004791259766
0.13623356819152832
0.10444307327270508
0.10052156448364258
0.10451626777648926
0.11252403259277344
0.13651657104492188
0.1085195541381836
0.1085207462310791
0.10551166534423828
0.11603832244873047
0.11151981353759766
0.10151839256286621
0.10751676559448242
0.11552786827087402
0.10651826858520508
0.11852335929870605
0.10352277755737305
0.12052249908447266
0.113128662109375
0.10489821434020996
0.10651206970214844
0.10851597785949707
0.11888527870178223
0.10884571075439453
0.11751556396484375
0.10751557350158691
0.11853384971618652
0.10851860046386719
0.10651874542236328
0.10852193832397461
0.1320488452911377
0.12151336669921875
0.1185297966003418
0.11051797866821289
0.11802911758422852
0.11452436447143555
0.11051321029663086
0.12152218818664551
0.11351227760314941
0.11703133583068848
0.11351799964904785
0.12352180480957031
0.11852741241455078
0.12328839302062988
0.11493754386901855
0.1169285774230957
0.11635828018188477
0.13953757286071777
0.11250972747802734
0.13952207565307617
0.15102934837341309
0.11752128601074219
0.11451601982116699
0.11651277542114258
0.15003180503845215
0.13551974296569824
0.12051939964294434
0.12203168869018555
0.12388157844543457
0.11683416366577148
0.11751794815063477
0.12102913856506348
0.1285381317138672
0.11779952049255371
0.11951637268066406
0.1400279998779297
0.15003061294555664
0.12129950523376465
0.11851978302001953
0.12352204322814941
0.17803359031677246
0.12352347373962402
0.12701988220214844
0.12652039527893066
0.1275157928466797
0.12319087982177734
0.1219174861907959
0.12952065467834473
0.1275191307067871
0.12052249908447266
0.11652088165283203
0.12953853607177734
0.1224825382232666
0.1270301342010498
0.1295158863067627
0.1415266990661621
0.12503290176391602
0.12652206420898438
0.1295168399810791
0.14203429222106934
0.1285243034362793
0.12452149391174316
0.13504528999328613
0.12852716445922852
0.12552356719970703
0.12802624702453613
0.15452337265014648
0.1304762363433838
0.12752437591552734
0.1445155143737793
0.16552090644836426
0.13003110885620117
0.13052010536193848
0.13652992248535156
0.13403844833374023
0.13051247596740723
0.15604090690612793
0.14252519607543945
0.12652206420898438
0.13003826141357422
0.12552523612976074
0.13351869583129883
0.13103318214416504
0.13852310180664062
0.18358778953552246
0.1325209140777588
0.1325819492340088
0.15319418907165527
0.14073967933654785
0.1325228214263916
0.17559409141540527
0.1565244197845459
0.13751697540283203
0.14852094650268555
0.14103102684020996
0.13752007484436035
0.14503192901611328
0.20003700256347656
0.13551974296569824
0.1340334415435791
0.15553736686706543
0.1400444507598877
0.1365187168121338
0.14703679084777832
0.1525270938873291
0.1440422534942627
0.13952207565307617
0.1618938446044922
0.15552449226379395
0.1370091438293457
0.15452980995178223
0.14003491401672363
0.16252899169921875
0.16803336143493652
0.15003108978271484
0.14452338218688965
0.14502668380737305
0.14552545547485352
0.14302515983581543
0.14351677894592285
0.15486693382263184
0.14283251762390137
0.14864659309387207
0.1515345573425293
0.14104580879211426
0.14551830291748047
0.1690380573272705
0.1684262752532959
0.15444135665893555
0.15903759002685547
0.15407466888427734
0.14423894882202148
0.1740412712097168
0.15352916717529297
0.149033784866333
0.15252184867858887
0.1560373306274414
0.15251684188842773
0.1780388355255127
0.16491436958312988
0.15404152870178223
0.16552376747131348
0.17682099342346191
